# <?php exit();

# 1,0 = main
1,0,S360,32
1,32,!,|0|0|,0
1,36,!,|1|0|,0
1,40,!,|2|0|,0
1,44,!,|3|0|,0
1,48,!,|4|0|,0
1,52,!,|5|0|,0
1,56,!,|6|0|,0
1,60,!,|7|0|,0
1,64,!,|8|0|,0
1,68,!,|9|0|,0
1,72,!,|10|0|,0
1,76,!,|11|0|,0
1,80,!,|12|0|,0
1,84,!,|13|0|,0
1,88,!,|14|0|,0
1,92,!,|15|0|,0
1,96,!,|16|0|,0
1,100,!,|17|0|,0
1,104,!,|18|0|,0
1,108,!,|19|0|,0
1,112,!,|20|0|,0
1,116,!,|21|0|,0
1,120,!,|22|0|,0
1,124,!,|23|0|,0
1,128,!,|24|0|,0
1,132,!,|25|0|,0
1,136,!,|26|0|,0
1,140,!,|27|0|,0
1,144,!,|28|0|,0
1,148,!,|29|0|,0
1,152,!,|30|0|,0
1,156,!,|31|0|,0
1,160,!,|32|0|,0
1,164,!,|33|0|,0
1,168,!,|34|0|,0
1,172,!,|35|0|,0
1,176,!,|36|0|,0
1,180,!,|37|0|,0
1,184,!,|38|0|,0
1,188,!,|39|0|,0
1,192,!,|40|0|,0
1,196,!,|41|0|,0
1,200,!,|42|0|,0
1,204,!,|43|0|,0
1,208,!,|44|0|,0
1,212,!,|45|0|,0
1,216,!,|46|0|,0
1,220,!,|47|0|,0
1,224,!,|48|0|,0
1,228,!,|49|0|,0
1,232,!,|50|0|,0
1,236,!,|51|0|,0
1,240,!,|52|0|,0
1,244,!,|53|0|,0
1,248,!,|54|0|,0
1,252,!,|55|0|,0
1,256,!,|56|0|,0
1,260,!,|57|0|,0
1,264,!,|58|0|,0
1,268,WW,640,1500,24
1,278,WV,0,0,640,480
1,290,B_1,1,230,240,180,440,1
1,308,B_2,1,1,0,0,0,0
1,322,B_3,1,|56|0|,|57|0|,( 640 - |56|0| ),( 480 - |57|0| ),0
1,342,B_4,1,0,0,0,1,0
1,356,J_0,0,1440
1,363,G_0,101
1,368,ZL,12
1,372,ZC,0,1
1,378,ZE,0
1,382,MS,1,@MSG=1
1,389,MS,2,@MSG=2
1,410,MS,3,@MSG=3
1,431,!,|40|0|,9
1,435,MT,@MSG=4
1,460,MV,101
1,465,ZZ_13,1
1,470,!,|53|0|,0
1,474,!,|50|0|,96
1,479,PS,100,0,0,0
1,490,PS,101,0,0,255
1,502,PS,102,255,0,0
1,514,PS,103,255,0,255
1,527,PS,104,0,255,0
1,539,PS,105,0,255,255
1,552,PS,106,255,255,0
1,565,PS,107,255,255,255
1,579,!,|45|0|,20
1,583,ZM,|45|0|
1,587,LP,1,|39|0|,1
1,595,LP,1,|37|0|,1
1,603,LP,1,|49|0|,2
1,611,LP,1,|56|0|,3
1,619,{,( |0|0| == 255 ),646
1,629,!,|39|0|,1
1,633,!,|37|0|,1
1,637,QD,1
1,641,!,|44|0|,10000
1,646,\,2393
1,651,&,|39|0|
1,654,IX,|0|0|
1,658,{,( |0|0| == 1 ),674
1,667,!,|0|0|,0
1,671,%,0
1,674,~,1,689
1,681,T,|1|0|,|2|0|
1,686,%,0

# 1,2393 = calllabel
1,2393,ZT_1,0
1,2398,!,|21|0|,100
1,2403,~,1,964
1,2410,PF_1,0
1,2415,G_0,26
1,2419,PF_2,4,0
1,2426,SG_1,1
1,2431,IK_0
1,2434,sel_st,2519
1,2439,MSG,@MSG=5
1,2447,sel_ed
1,2448,{,( |44|0| != 10000 ),2478
1,2458,sel_st,2537
1,2463,MSG,@MSG=6
1,2477,sel_ed
1,2478,sel_st,2547
1,2483,MSG,@MSG=7
1,2505,sel_ed
1,2506,]
1,2507,~,1,1071
1,2514,@,2434
1,2519,\,2565
1,2524,!,|39|0|,1
1,2528,!,|37|0|,1
1,2532,\,0
1,2537,\,2565
1,2542,\,0
1,2547,\,2565
1,2552,!,|39|0|,10
1,2556,!,|37|0|,1
1,2560,\,0

# 1,964 = callfunc
1,1000,%,0

# 1,1071 = callfunc
1,1083,%,0

# 1,2565 = calllabel
1,2565,PF_1,4
1,2570,CF,0,0,640,480,0
1,2584,PF_0,0
1,2589,ZT_1,0
1,2594,!,|21|0|,200
1,2599,~,1,964
1,2606,\,0

# 1,689 = callfunc
1,689,B_10,|1|0|,|2|0|
1,695,!,|3|0|,1
1,699,!,|4|0|,( |45|0| + 1 )
1,705,!,|5|0|,( |45|0| + 1 )
1,711,CC,|1|0|,|2|0|,|4|0|,|5|0|,0,960
1,726,IX,|0|0|
1,730,{,( |0|0| == 1 ),746
1,739,!,|0|0|,0
1,743,%,0
1,746,~,1,844
1,753,{,( |0|0| != 0 ),796
1,762,{,( |0|0| == 32 ),779
1,771,!,|59|0|,1
1,775,!,|0|0|,0
1,779,~,1,1071
1,786,~,1,937
1,793,%,0
1,796,~,1,887
1,803,{,( |0|0| != 0 ),839
1,812,{,( |0|0| == 32 ),829
1,821,!,|59|0|,1
1,825,!,|0|0|,0
1,829,~,1,1071
1,836,%,0
1,839,@,726

# 1,844 = callfunc
1,844,ZT_1,0
1,849,T,|1|0|,|2|0|
1,854,X,|3|0|
1,857,!,|21|0|,50
1,861,~,1,1008
1,868,{,( |0|0| != 0 ),880
1,877,%,0
1,880,!,|0|0|,0
1,884,%,0

# 1,1008 = callfunc
1,1063,%,0

# 1,937 = callfunc
1,937,ZT_1,0
1,942,CC,0,960,|4|0|,|5|0|,|1|0|,|2|0|
1,957,!,|0|0|,0
1,961,%,0

# 1,887 = callfunc
1,887,ZT_1,0
1,892,CC,0,960,|4|0|,|5|0|,|1|0|,|2|0|
1,907,!,|21|0|,50
1,911,~,1,1008
1,918,{,( |0|0| != 0 ),930
1,927,%,0
1,930,!,|0|0|,0
1,934,%,0

