# <?php exit();

# 1,0 = main
1,0,S380,48
1,48,!,|0|0|,0
1,52,!,|1|0|,0
1,56,!,|2|0|,0
1,60,!,|3|0|,0
1,64,!,|4|0|,0
1,68,!,|5|0|,0
1,72,!,|6|0|,0
1,76,!,|7|0|,0
1,80,!,|8|0|,0
1,84,!,|9|0|,0
1,88,!,|10|0|,0
1,92,ZD_0,0
1,97,~,3,344
1,104,~,2,32
1,111,&,11

# 3,344 = callfunc
3,344,WW,( 640 * 2 ),( 480 * 14 ),16
3,358,WV,0,0,640,480
3,370,PS,10,192,192,192
3,383,PS,11,255,0,0
3,394,PS,12,255,128,255
3,407,PS,13,0,128,255
3,419,PS,14,0,0,0
3,429,PS,15,255,255,255
3,442,B_1,1,230,190,192,192,1
3,460,B_3,2,20,200,600,260,0
3,477,B_2,1,0,0,0,1,0
3,491,B_4,2,0,0,0,1,0
3,505,MT,@MSG=1
3,514,MV,100
3,519,ZC,1,14
3,525,ZC,2,15
3,531,ZC,3,15
3,537,ZC,5,15
3,543,ZC,7,15
3,549,ZC,4,10
3,555,ZC,6,10
3,561,ZC,14,0
3,567,ZE,0
3,571,ZF,0
3,575,ZS,16
3,579,ZM,16
3,583,ZH,2
3,587,IY,2
3,591,ZI,0,0
3,597,ZI,1,0
3,603,ZI,2,0
3,609,ZI,3,0
3,615,ZI,4,0
3,621,ZI,5,0
3,627,ZI,6,0
3,633,ZI,7,0
3,639,~,0,0

# 2,32 = callfunc
2,32,!,|11|0|,0
2,36,!,|12|0|,0
2,40,!,|13|0|,0
2,44,!,|14|0|,0
2,48,!,|15|0|,0
2,52,!,|16|0|,0
2,56,!,|17|0|,0
2,60,!,|18|0|,0
2,64,!,|19|0|,0
2,68,!,|20|0|,0
2,72,!,|21|0|,0
2,76,!,|22|0|,0
2,80,!,|23|0|,0
2,84,!,|24|0|,0
2,88,!,|25|0|,0
2,92,!,|26|0|,0
2,96,!,|27|0|,0
2,100,!,|28|0|,0
2,104,!,|29|0|,0
2,108,!,|30|0|,0
2,112,!,|31|0|,0
2,116,!,|32|0|,0
2,120,!,|33|0|,0
2,124,!,|34|0|,0
2,128,!,|35|0|,0
2,132,!,|36|0|,0
2,136,!,|37|0|,0
2,140,!,|38|0|,0
2,144,!,|39|0|,0
2,148,!,|40|0|,0
2,152,!,|41|0|,0
2,156,!,|42|0|,0
2,160,!,|43|0|,0
2,164,!,|44|0|,0
2,168,!,|45|0|,0
2,172,!,|46|0|,0
2,176,!,|47|0|,0
2,180,!,|48|0|,0
2,184,!,|49|0|,0
2,188,!,|50|0|,0
2,192,!,|51|0|,0
2,196,!,|52|0|,0
2,200,!,|53|0|,0
2,204,!,|54|0|,0
2,208,!,|55|0|,0
2,212,!,|56|0|,0
2,216,!,|57|0|,0
2,220,!,|58|0|,0
2,224,!,|59|0|,0
2,228,!,|60|0|,0
2,232,!,|61|0|,0
2,236,!,|62|0|,0
2,240,!,|63|0|,0
2,244,!,|64|0|,0
2,249,!,|65|0|,0
2,254,!,|66|0|,0
2,259,!,|67|0|,0
2,264,!,|68|0|,0
2,269,!,|69|0|,0
2,274,!,|70|0|,0
2,279,!,|71|0|,0
2,284,!,|72|0|,0
2,289,!,|73|0|,0
2,294,!,|74|0|,0
2,299,!,|75|0|,0
2,304,!,|76|0|,0
2,309,!,|77|0|,0
2,314,!,|78|0|,0
2,319,!,|79|0|,0
2,324,!,|80|0|,0
2,329,!,|81|0|,0
2,334,!,|82|0|,0
2,339,!,|83|0|,0
2,344,!,|84|0|,0
2,349,!,|85|0|,0
2,354,!,|86|0|,0
2,359,!,|87|0|,0
2,364,!,|88|0|,0
2,369,!,|89|0|,0
2,374,!,|90|0|,0
2,379,!,|91|0|,0
2,384,!,|92|0|,0
2,389,!,|93|0|,0
2,394,!,|94|0|,0
2,399,!,|95|0|,0
2,404,!,|96|0|,0
2,409,!,|97|0|,0
2,414,!,|98|0|,0
2,419,!,|99|0|,0
2,424,!,|100|0|,0
2,429,!,|101|0|,0
2,434,!,|102|0|,0
2,439,!,|103|0|,0
2,444,!,|104|0|,0
2,449,!,|105|0|,0
2,454,!,|106|0|,0
2,459,!,|107|0|,0
2,464,!,|108|0|,0
2,469,!,|109|0|,0
2,474,!,|110|0|,0
2,479,!,|111|0|,0
2,484,!,|112|0|,0
2,489,!,|113|0|,0
2,494,!,|114|0|,0
2,499,!,|115|0|,0
2,504,!,|116|0|,0
2,509,!,|117|0|,0
2,514,!,|118|0|,0
2,519,!,|119|0|,0
2,524,!,|120|0|,0
2,529,!,|121|0|,0
2,534,!,|122|0|,0
2,539,!,|123|0|,0
2,544,!,|124|0|,0
2,549,!,|125|0|,0
2,554,!,|126|0|,0
2,559,!,|127|0|,0
2,564,!,|128|0|,0
2,569,!,|129|0|,0
2,574,!,|130|0|,0
2,579,!,|131|0|,0
2,584,!,|132|0|,0
2,589,!,|133|0|,0
2,594,!,|134|0|,0
2,599,!,|135|0|,0
2,604,!,|136|0|,0
2,609,!,|137|0|,0
2,614,!,|138|0|,0
2,619,!,|139|0|,0
2,624,!,|140|0|,0
2,629,!,|141|0|,0
2,634,!,|142|0|,0
2,639,!,|143|0|,0
2,644,!,|144|0|,0
2,649,!,|145|0|,0
2,654,!,|146|0|,0
2,659,!,|147|0|,0
2,664,!,|148|0|,0
2,669,!,|149|0|,0
2,674,!,|150|0|,0
2,679,!,|151|0|,0
2,684,!,|152|0|,0
2,689,!,|153|0|,0
2,694,!,|154|0|,0
2,699,!,|155|0|,0
2,704,!,|156|0|,0
2,709,!,|157|0|,0
2,714,!,|158|0|,0
2,719,!,|159|0|,0
2,724,!,|160|0|,0
2,729,!,|161|0|,0
2,734,!,|162|0|,0
2,739,!,|163|0|,0
2,744,!,|164|0|,0
2,749,!,|165|0|,0
2,754,!,|166|0|,0
2,759,!,|167|0|,0
2,764,!,|168|0|,0
2,769,!,|169|0|,0
2,774,!,|170|0|,10000
2,780,DC,1,|170|0|,1
2,789,DC,2,|170|0|,1
2,798,DC,3,|170|0|,1
2,807,DC,4,|170|0|,1
2,816,DC,5,|170|0|,1
2,825,DC,6,|170|0|,1
2,834,DC,7,|170|0|,1
2,843,DC,8,|170|0|,1
2,852,DC,9,|170|0|,1
2,861,DC,10,|170|0|,1
2,870,DS,|157|0|,|160|0|,0,1
2,882,DS,|157|0|,|161|0|,0,2
2,894,DS,|157|0|,|162|0|,0,3
2,906,DS,|157|0|,|163|0|,0,4
2,918,DS,|157|0|,|164|0|,0,5
2,930,DS,|157|0|,|165|0|,0,6
2,942,DS,|157|0|,|168|0|,0,7
2,954,DS,|157|0|,|169|0|,0,8
2,966,DS,|157|0|,|166|0|,0,9
2,978,DS,|157|0|,|167|0|,0,10
2,990,!,|171|0|,0
2,995,!,|172|0|,0
2,1000,!,|173|0|,0
2,1005,!,|174|0|,0
2,1010,~,0,0

# 12,0 = jumppage
12,0,S380,32
12,32,ZD_0,0
12,37,~,3,48
12,44,~,9,48
12,51,~,7,1582
12,58,~,11,48
12,65,~,11,1205
12,72,!,|11|0|,0
12,76,~,7,1856
12,83,!,|11|0|,5000
12,88,~,7,1813
12,95,!,|155|0|,1
12,100,~,7,1536
12,107,~,11,1219
12,114,~,5,32
12,121,sel_st,249
12,126,msg,@MSG=4
12,143,sel_ed
12,144,sel_st,275
12,149,msg,@MSG=5
12,162,sel_ed
12,163,{,( ( |172|0| != 0 ) + ( |173|0| != 0 ) ),202
12,178,sel_st,346
12,183,msg,@MSG=6
12,196,sel_ed
12,197,@,202
12,202,~,7,48
12,209,AIN_71
12,211,]
12,212,!,|11|0|,3
12,216,~,7,1651
12,223,~,7,517
12,230,~,5,32
12,237,~,7,902
12,244,@,114
12,249,!,|11|0|,2
12,253,~,7,1651
12,260,~,7,517
12,267,!,|171|0|,0
12,272,&,12
12,275,!,|11|0|,2
12,279,~,7,1651
12,286,!,|11|0|,2000
12,291,~,7,1898
12,298,~,7,517
12,305,!,|171|0|,0
12,310,~,10,242
12,317,!,|155|0|,1
12,322,~,7,1536
12,329,!,|11|0|,1000
12,334,~,7,1813
12,341,@,114
12,346,!,|11|0|,2
12,350,~,7,1651
12,357,!,|11|0|,2000
12,362,~,7,1856
12,369,~,7,517
12,376,!,|171|0|,1
12,381,&,12

# 3,48 = callfunc
3,48,!,|31|0|,1
3,52,!,|32|0|,0
3,56,!,|59|0|,0
3,60,!,|60|0|,0
3,64,!,|61|0|,1
3,68,!,|75|0|,640
3,74,!,|76|0|,0
3,79,!,|77|0|,0
3,84,!,|78|0|,480
3,90,!,|79|0|,0
3,95,!,|80|0|,0
3,100,!,|81|0|,640
3,106,!,|82|0|,480
3,112,!,|91|0|,|77|0|
3,118,!,|92|0|,( |78|0| + 480 )
3,127,!,|95|0|,|91|0|
3,133,!,|96|0|,( |92|0| + ( 480 * 1 ) )
3,144,!,|99|0|,|91|0|
3,150,!,|100|0|,( |92|0| + ( 480 * 2 ) )
3,161,!,|83|0|,( |91|0| + 640 )
3,170,!,|84|0|,( |92|0| + 480 )
3,179,!,|87|0|,|83|0|
3,185,!,|88|0|,( |84|0| + 480 )
3,194,!,|175|0|,|91|0|
3,200,!,|176|0|,|92|0|
3,206,!,|177|0|,|95|0|
3,212,!,|178|0|,|96|0|
3,218,!,|179|0|,|99|0|
3,224,!,|180|0|,|100|0|
3,230,!,|181|0|,|83|0|
3,236,!,|182|0|,|84|0|
3,242,!,|183|0|,|87|0|
3,248,!,|184|0|,|88|0|
3,254,!,|115|0|,0
3,259,!,|116|0|,0
3,264,!,|117|0|,0
3,269,!,|118|0|,0
3,274,!,|119|0|,0
3,279,!,|120|0|,9999
3,285,!,|121|0|,9999
3,291,!,|122|0|,9999
3,297,!,|123|0|,9999
3,303,!,|124|0|,9999
3,309,!,|130|0|,1
3,314,!,|154|0|,10
3,319,!,|156|0|,1
3,324,!,|153|0|,( 16383 + ( 16383 + ( 16383 + 10861 ) ) )
3,339,~,0,0

# 9,48 = callfunc
9,48,ZZ_13,|61|0|
9,53,!,|54|0|,40
9,57,!,|149|0|,1
9,62,{,( |149|0| == 0 ),88
9,72,!,|11|0|,0
9,76,~,9,1929
9,83,@,88
9,88,~,8,48
9,95,~,0,0

# 9,1929 = callfunc
9,1929,ZT_10,100,10,|11|0|
9,1939,~,0,0

# 8,48 = callfunc
8,48,!,|55|0|,|54|0|
8,52,MG_100,0
8,57,MG_1,0
8,62,MG_0,1
8,67,MG_4,|55|0|
8,72,~,0,0

# 7,1582 = callfunc
7,1582,!,|45|0|,0
7,1586,for_0
7,1588,for_1,1615,2,1,1
7,1602,wavLoad,|45|0|,( |45|0| + 1 )
7,1610,>,1588
7,1615,!,|45|0|,10
7,1619,for_0
7,1621,for_1,1646,19,1,1
7,1635,wavLoad,|45|0|,1
7,1641,>,1621
7,1646,~,0,0

# 11,48 = callfunc
11,48,!,|14|0|,17
11,52,~,11,276
11,59,!,|83|0|,90
11,65,!,|84|0|,110
11,71,~,8,1597
11,78,!,|91|0|,0
11,83,!,|92|0|,0
11,88,~,8,1626
11,95,!,|95|0|,0
11,100,!,|96|0|,0
11,105,~,8,1655
11,112,!,|99|0|,0
11,117,!,|100|0|,0
11,122,~,8,1684
11,129,MT,@MSG=2
11,136,MV,100
11,141,!,|57|0|,55
11,146,!,|58|0|,30
11,150,~,8,712
11,157,!,|62|0|,20
11,161,~,8,119
11,168,!,|56|0|,33
11,172,~,8,707
11,179,!,|11|0|,22
11,183,~,9,1879
11,190,!,|150|0|,8
11,195,~,7,820
11,202,!,|151|0|,10
11,207,!,|152|0|,0
11,212,~,7,850
11,219,!,|145|0|,80
11,225,~,8,137
11,232,!,|208|0|,10
11,237,!,|209|0|,5
11,242,!,|210|0|,4
11,247,!,|211|0|,121
11,253,!,|140|0|,122
11,259,!,|141|0|,123
11,265,!,|142|0|,124
11,271,~,0,0

# 11,276 = callfunc
11,276,#,11,2134900736
11,283,!,|45|0|,128
11,288,for_0
11,290,for_1,343,( 128 + |14|0| ),1,1
11,307,F_2,|11|0|,0
11,314,F_2,|12|0|,0
11,321,F_2,|13|0|,0
11,328,PS,|45|0|,|11|0|,|12|0|,|13|0|
11,338,>,290
11,343,~,0,0

# 8,1597 = callfunc
8,1597,!,|103|0|,|83|0|
8,1603,!,|104|0|,|84|0|

# 8,1626 = callfunc
8,1626,!,|107|0|,|91|0|
8,1632,!,|108|0|,|92|0|

# 8,1655 = callfunc
8,1655,!,|109|0|,|95|0|
8,1661,!,|110|0|,|96|0|

# 8,1684 = callfunc
8,1684,!,|111|0|,|99|0|
8,1690,!,|112|0|,|100|0|

# 8,712 = callfunc
8,712,~,0,0

# 8,119 = callfunc
8,119,~,0,0

# 8,707 = callfunc
8,707,~,0,0

# 9,1879 = callfunc
9,1879,!,|12|0|,|65|0|
9,1884,!,|65|0|,|11|0|
9,1889,~,0,|12|0|

# 7,820 = callfunc
7,820,ZC,1,( 128 + |150|0| )
7,830,~,0,0

# 7,850 = callfunc
7,850,~,7,862
7,857,~,0,0

# 7,862 = callfunc
7,862,ZA_0,|151|0|
7,868,ZA_1,( 128 + |152|0| )
7,877,~,0,0

# 8,137 = callfunc
8,137,~,0,0

# 11,1205 = callfunc
11,1205,LP,26,|172|0|,2
11,1214,~,0,0

# 7,1856 = callfunc
7,1856,{,( |206|0| == 1 ),1876
7,1866,~,0,0
7,1871,@,1876
7,1876,~,7,2033
7,1883,SX_2_1,|11|0|,0,0
7,1893,~,0,0

# 7,2033 = callfunc
7,2033,SX_2_2,|15|0|
7,2039,{,( |15|0| == 0 ),2057
7,2048,SX_2_3
7,2052,@,2057
7,2057,~,0,0

# 7,1813 = callfunc
7,1813,{,( |206|0| == 1 ),1833
7,1823,~,0,0
7,1828,@,1833
7,1833,~,7,2033
7,1840,SX_2_1,|11|0|,100,0
7,1851,~,0,0

# 7,1536 = callfunc
7,1536,{,( |155|0| == 0 ),1556
7,1546,SG_0,0
7,1551,@,1556
7,1556,{,( |155|0| != 0 ),1577
7,1566,SG_1,|155|0|
7,1572,@,1577
7,1577,~,0,0

# 11,1219 = callfunc
11,1219,!,|116|0|,|209|0|
11,1225,~,8,717
11,1232,!,|11|0|,27
11,1236,!,|12|0|,100
11,1241,!,|13|0|,100
11,1246,~,9,187
11,1253,{,( |0|0| == 0 ),1285
11,1262,~,7,902
11,1269,!,|11|0|,2
11,1273,~,7,1651
11,1280,@,1285
11,1285,~,0,0

# 8,717 = callfunc
8,717,{,( |206|0| == 1 ),737
8,727,~,0,0
8,732,@,737
8,737,{,( |121|0| != |116|0| ),866
8,748,!,|121|0|,|116|0|
8,754,{,( |116|0| == 0 ),820
8,764,trace,@MSG=3
8,775,!,|89|0|,|81|0|
8,781,!,|90|0|,|82|0|

# 9,187 = callfunc
9,187,{,( |206|0| == 1 ),207
9,197,~,0,0
9,202,@,207
9,207,US,|11|0|,10
9,213,!,|11|0|,( 16383 + ( 16383 + ( 16383 + ( 16383 + 3 ) ) ) )
9,229,~,8,142
9,236,!,|11|0|,|13|0|
9,240,~,8,400
9,247,UG,|11|0|,10
9,253,!,|11|0|,|11|0|
9,257,!,|12|0|,|12|0|
9,261,~,8,583
9,268,~,-1,|0|0|
9,273,~,0,|0|0|

# 8,142 = callfunc
8,142,CF,|77|0|,|78|0|,|81|0|,|82|0|,0
8,158,{,( ( |11|0| & 1 ) * ( |116|0| != 0 ) ),203
8,172,CC,|87|0|,|88|0|,|89|0|,|90|0|,( |77|0| + |105|0| ),( |78|0| + |106|0| )
8,198,@,203
8,203,{,( ( |11|0| & 2 ) * ( |115|0| != 0 ) ),248
8,217,CC,|83|0|,|84|0|,|85|0|,|86|0|,( |77|0| + |103|0| ),( |78|0| + |104|0| )
8,243,@,248
8,248,{,( ( |11|0| & 4 ) * ( |117|0| != 0 ) ),297
8,262,CX,0,|91|0|,|92|0|,|93|0|,|94|0|,( |77|0| + |107|0| ),( |78|0| + |108|0| ),0
8,292,@,297
8,297,{,( ( |11|0| & 8 ) * ( |118|0| != 0 ) ),346
8,311,CX,0,|95|0|,|96|0|,|97|0|,|98|0|,( |77|0| + |109|0| ),( |78|0| + |110|0| ),0
8,341,@,346
8,346,{,( ( |11|0| & 16 ) * ( |119|0| != 0 ) ),395
8,360,CX,0,|99|0|,|100|0|,|101|0|,|102|0|,( |77|0| + |111|0| ),( |78|0| + |112|0| ),0
8,390,@,395
8,395,~,0,0

# 8,400 = callfunc
8,400,{,( |11|0| < 100 ),446
8,410,CK_1,0,480,640,480,0,( 255 - ( ( 256 * |11|0| ) / 100 ) ),0,0
8,441,@,446
8,446,~,0,0

# 8,583 = callfunc
8,583,!,|0|0|,0
8,587,{,( 100 + |-4|0| ),625
8,602,CC,|77|0|,|78|0|,|81|0|,|82|0|,0,0
8,620,@,625
8,625,{,( 99 * |-3|0| ),702
8,641,CE,|77|0|,|78|0|,|81|0|,|82|0|,0,0,|11|0|,|12|0|,1
8,665,{,( |0|0| != 0 ),697
8,674,CC,|77|0|,|78|0|,|81|0|,|82|0|,0,0
8,692,@,697
8,697,@,702
8,702,~,0,|0|0|

# 7,902 = callfunc
7,902,!,|37|0|,430
7,907,!,|38|0|,430
7,912,!,|35|0|,180
7,917,!,|36|0|,30
7,921,CC,0,0,640,480,|75|0|,|76|0|
7,939,CC,|75|0|,|76|0|,640,480,|75|0|,( |76|0| + 480 )
7,962,CF,|77|0|,|78|0|,640,480,0
7,978,J_0,|77|0|,( |78|0| + |36|0| )
7,988,G_0,|210|0|
7,993,CC,( |75|0| + |37|0| ),( ( |76|0| + |38|0| ) + 480 ),|35|0|,|36|0|,|77|0|,|78|0|
7,1018,CX,0,|77|0|,( |78|0| + |36|0| ),|35|0|,|36|0|,|77|0|,|78|0|,0
7,1042,!,|53|0|,1
7,1046,{,|-4|0|,1494
7,1056,!,|45|0|,0
7,1060,{,( |53|0| == 1 ),1216
7,1069,!,|0|0|,0
7,1073,ZT_21,10
7,1078,{,( |0|0| != 0 ),1096
7,1087,!,|53|0|,0
7,1091,@,1096

# 7,1651 = callfunc
7,1651,{,( |11|0| == 1 ),1697
7,1660,wavPlay,|154|0|,1
7,1667,inc,|154|0|
7,1672,{,( |154|0| > 19 ),1692
7,1682,!,|154|0|,10
7,1687,@,1692
7,1692,@,1705
7,1697,wavPlay,( |11|0| - 1 ),1
7,1705,~,0,0

# 5,32 = callfunc
5,32,US,|0|0|,1
5,38,IK_6
5,41,{,( |0|0| != 0 ),58
5,50,IK_6
5,53,>,41
5,58,~,0,0

# 7,48 = callfunc
7,48,!,|199|0|,335
7,54,!,|200|0|,20
7,59,!,|201|0|,22
7,64,!,|202|0|,15
7,69,!,|203|0|,15
7,74,!,|204|0|,12
7,79,!,|205|0|,4
7,84,!,|33|0|,|202|0|
7,89,!,|34|0|,|203|0|
7,94,!,|11|0|,|204|0|
7,99,!,|12|0|,|205|0|
7,104,!,|13|0|,|200|0|
7,109,!,|14|0|,|201|0|
7,114,!,|19|0|,|199|0|
7,119,B_12,|59|0|
7,123,B_14,|60|0|
7,127,!,|35|0|,( ( |60|0| * |200|0| ) / 2 )
7,136,!,|36|0|,( ( |59|0| * |201|0| ) + ( |205|0| * 2 ) )
7,148,B_21,1,|37|0|,|38|0|
7,156,!,|37|0|,( ( 640 - |35|0| ) / 2 )
7,165,!,|38|0|,( ( 480 - |36|0| ) / 2 )
7,174,CC,( ( |37|0| - |33|0| ) - |11|0| ),( ( |38|0| - |34|0| ) - |12|0| ),( ( |35|0| + ( |33|0| * 2 ) ) + ( |11|0| * 2 ) ),( ( |36|0| + ( |34|0| * 2 ) ) + ( |12|0| * 2 ) ),|75|0|,( |76|0| + 100 )
7,217,J_0,|75|0|,|76|0|
7,225,G_0,|208|0|
7,230,CX,0,|75|0|,|76|0|,( ( |33|0| + |35|0| ) + ( |11|0| * 2 ) ),( |34|0| + |12|0| ),( ( |37|0| - |34|0| ) - |11|0| ),( ( |38|0| - |34|0| ) - |12|0| ),0
7,266,CX,0,( |75|0| + |19|0| ),|76|0|,|33|0|,( |34|0| + |12|0| ),( ( |37|0| + |35|0| ) + |11|0| ),( ( |38|0| - |34|0| ) - |12|0| ),0
7,298,!,|45|0|,1
7,302,for_0
7,304,for_1,395,|59|0|,1,1
7,318,CX,0,|75|0|,( |76|0| + |33|0| ),( ( |33|0| + |35|0| ) + ( |11|0| * 2 ) ),|14|0|,( ( |37|0| - |33|0| ) - |11|0| ),( |38|0| + ( |14|0| * ( |45|0| - 1 ) ) ),0
7,356,CX,0,( |75|0| + |19|0| ),( |76|0| + |34|0| ),|33|0|,|14|0|,( ( |37|0| + |35|0| ) + |11|0| ),( |38|0| + ( |14|0| * ( |45|0| - 1 ) ) ),0
7,390,>,304
7,395,CX,0,|75|0|,( ( ( |76|0| + |34|0| ) + |14|0| ) - |12|0| ),( ( |33|0| + |35|0| ) + ( |11|0| * 2 ) ),( |34|0| + |12|0| ),( ( |37|0| - |33|0| ) - |11|0| ),( |38|0| + ( |14|0| * ( |45|0| - 1 ) ) ),0
7,439,CX,0,( |75|0| + |19|0| ),( ( ( |76|0| + |34|0| ) + |14|0| ) - |12|0| ),|33|0|,( |34|0| + |12|0| ),( ( |37|0| + |35|0| ) + |11|0| ),( |38|0| + ( |14|0| * ( |45|0| - 1 ) ) ),0
7,479,B_1,1,|37|0|,|38|0|,|35|0|,|36|0|,1
7,493,B_2,1,0,0,0,1,0
7,507,ZS,|200|0|
7,512,~,0,0

# 7,517 = callfunc
7,517,!,|33|0|,|202|0|
7,522,!,|34|0|,|203|0|
7,527,!,|11|0|,|204|0|
7,532,!,|12|0|,|205|0|
7,537,!,|13|0|,|200|0|
7,542,!,|14|0|,|201|0|
7,547,!,|35|0|,( ( |60|0| * |200|0| ) / 2 )
7,556,!,|36|0|,( ( |59|0| * |201|0| ) + ( |205|0| * 2 ) )
7,568,B_21,1,|37|0|,|38|0|
7,576,CC,|75|0|,( |76|0| + 100 ),( ( |35|0| + ( |33|0| * 2 ) ) + ( |11|0| * 2 ) ),( ( |36|0| + ( |34|0| * 2 ) ) + ( |12|0| * 2 ) ),( ( |37|0| - |33|0| ) - |11|0| ),( ( |38|0| - |34|0| ) - |12|0| )
7,619,~,0,0

# 13,0 = jumppage
13,0,S380,48
13,48,ZD_0,1
13,53,~,11,1376
13,60,~,-1,|138|0|
13,66,!,|138|0|,|138|0|
13,72,~,11,1290
13,79,~,-1,|125|0|
13,85,{,( |125|0| != 0 ),105
13,95,@,110
13,100,@,105
13,105,@,53
13,110,!,|53|0|,1
13,114,{,( |53|0| == 1 ),556
13,123,US,|53|0|,1
13,129,!,|147|0|,1
13,134,!,|146|0|,0
13,139,%,|125|0|
13,143,~,-1,|129|0|
13,149,{,( |129|0| == 0 ),213
13,159,!,|158|0|,|158|0|
13,165,~,13,561
13,172,inc,|126|0|
13,177,inc,|158|0|
13,182,{,( |128|0| != 0 ),208
13,192,!,|126|0|,|128|0|
13,198,!,|128|0|,0
13,203,@,208
13,208,@,213
13,213,{,( ( |129|0| > 0 ) * ( |129|0| < ( 16383 + ( 16383 + ( 16383 + 10851 ) ) ) ) ),254
13,238,!,|125|0|,|129|0|
13,244,!,|126|0|,1
13,249,@,254
13,254,{,( |129|0| == ( 16383 + ( 16383 + ( 16383 + 10852 ) ) ) ),341
13,274,{,( |158|0| > 0 ),336
13,284,!,|127|0|,|126|0|
13,290,!,|159|0|,|158|0|
13,296,dec,|126|0|
13,301,dec,|158|0|
13,306,!,|158|0|,|158|0|
13,312,~,13,676
13,319,~,8,105
13,326,!,|206|0|,1
13,331,@,336
13,336,@,341
13,341,{,( |129|0| == ( 16383 + ( 16383 + ( 16383 + 10853 ) ) ) ),366
13,361,@,366
13,366,{,( |129|0| == ( 16383 + ( 16383 + ( 16383 + 10854 ) ) ) ),501
13,386,!,|115|0|,( 16383 + ( 16383 + ( 16383 + ( 16383 + 3 ) ) ) )
13,403,!,|116|0|,( 16383 + ( 16383 + ( 16383 + ( 16383 + 3 ) ) ) )
13,420,!,|117|0|,( 16383 + ( 16383 + ( 16383 + ( 16383 + 3 ) ) ) )
13,437,!,|118|0|,( 16383 + ( 16383 + ( 16383 + ( 16383 + 3 ) ) ) )
13,454,!,|119|0|,( 16383 + ( 16383 + ( 16383 + ( 16383 + 3 ) ) ) )
13,471,!,|158|0|,|158|0|
13,477,~,13,676
13,484,~,8,105
13,491,!,|206|0|,1
13,496,@,501
13,501,{,( |129|0| == |153|0| ),531
13,512,IY,0
13,516,~,10,1356
13,523,&,11
13,526,@,531
13,531,~,8,96
13,538,~,9,1244
13,545,UG,|53|0|,1
13,551,>,114
13,556,@,53

# 11,1376 = callfunc
11,1376,{,( |171|0| == 1 ),1396
11,1386,~,0,11
11,1391,@,1396
11,1396,!,|206|0|,0
11,1401,!,|116|0|,6
11,1406,~,8,717
11,1413,!,|11|0|,31
11,1417,!,|12|0|,0
11,1421,!,|13|0|,100
11,1426,~,9,187
11,1433,!,|53|0|,1
11,1437,!,|138|0|,0
11,1442,!,|139|0|,99
11,1448,{,( |53|0| == 1 ),1584
11,1457,IM,|33|0|,|34|0|
11,1463,!,|50|0|,|0|0|
11,1467,!,|33|0|,|33|0|
11,1471,!,|34|0|,|34|0|
11,1475,~,11,1800
11,1482,~,-1,|138|0|
11,1488,{,( |138|0| != |139|0| ),1515
11,1499,!,|11|0|,1
11,1503,~,7,1651
11,1510,@,1515
11,1515,!,|138|0|,|138|0|
11,1521,!,|11|0|,1
11,1525,~,11,1889
11,1532,{,( |50|0| == 16 ),1565
11,1541,{,( |138|0| != 0 ),1560
11,1551,!,|53|0|,0
11,1555,@,1560
11,1560,@,1565
11,1565,{,( |50|0| == 32 ),1579
11,1574,@,1579
11,1579,>,1448
11,1584,{,( |138|0| != 0 ),1610
11,1594,!,|11|0|,2
11,1598,~,7,1651
11,1605,@,1610
11,1610,{,( |138|0| == 0 ),1636
11,1620,!,|11|0|,3
11,1624,~,7,1651
11,1631,@,1636
11,1636,!,|45|0|,1
11,1640,for_0
11,1642,for_1,1732,3,1,1
11,1656,US,|138|0|,1
11,1663,!,|138|0|,0
11,1668,!,|11|0|,2
11,1672,~,11,1889
11,1679,!,|188|0|,7
11,1684,~,5,221
11,1691,UG,|138|0|,1
11,1698,!,|138|0|,|138|0|
11,1704,!,|11|0|,2
11,1708,~,11,1889
11,1715,!,|188|0|,7
11,1720,~,5,221
11,1727,>,1642
11,1732,!,|11|0|,2000
11,1737,~,7,1898
11,1744,!,|116|0|,0
11,1749,~,8,717
11,1756,!,|11|0|,31
11,1760,!,|12|0|,3
11,1764,!,|144|0|,0
11,1769,~,9,100
11,1776,~,7,2091
11,1783,!,|11|0|,0
11,1787,~,7,1813
11,1794,~,0,|138|0|

# 11,1800 = callfunc
11,1800,!,|138|0|,0
11,1805,{,( 176 * |-3|0| ),1844
11,1834,!,|138|0|,1
11,1839,@,1844
11,1844,{,( 412 * |-3|0| ),1883
11,1873,!,|138|0|,2
11,1878,@,1883
11,1883,~,0,|138|0|

# 11,1889 = callfunc
11,1889,{,( ( |139|0| != |138|0| ) * ( |139|0| != 99 ) ),2129
11,1906,{,( |139|0| == 0 ),1960
11,1916,{,|-3|0|,1955
11,1926,CC,( |77|0| + 42 ),( |78|0| + 148 ),224,288,42,148
11,1950,@,1955
11,1955,@,1960
11,1960,{,( |139|0| == 1 ),2038
11,1970,CC,( |77|0| + 284 ),( |78|0| + 0 ),356,240,284,0
11,1994,{,|-3|0|,2033
11,2004,CC,( |77|0| + 42 ),( |78|0| + 148 ),224,288,42,148
11,2028,@,2033
11,2033,@,2038
11,2038,{,( |139|0| == 2 ),2118
11,2048,CC,( |77|0| + 284 ),( |78|0| + 240 ),356,240,284,240
11,2074,{,|-3|0|,2113
11,2084,CC,( |77|0| + 42 ),( |78|0| + 148 ),224,288,42,148
11,2108,@,2113
11,2113,@,2118
11,2118,!,|139|0|,99
11,2124,@,2129
11,2129,{,( |139|0| != |138|0| ),3537
11,2140,{,( |138|0| == 0 ),2569
11,2150,{,( |11|0| == 1 ),2557
11,2159,~,8,77
11,2166,WZ_0,0
11,2171,T,42,( 148 + ( 24 * 0 ) )
11,2181,msg,@MSG=7
11,2200,T,42,( 148 + ( 24 * 1 ) )
11,2210,msg,@MSG=8
11,2235,T,42,( 148 + ( 24 * 2 ) )
11,2245,msg,@MSG=9
11,2270,T,42,( 148 + ( 24 * 3 ) )
11,2280,msg,@MSG=10
11,2305,T,42,( 148 + ( 24 * 4 ) )
11,2315,msg,@MSG=11
11,2340,T,42,( 148 + ( 24 * 5 ) )
11,2350,msg,@MSG=12
11,2375,T,42,( 148 + ( 24 * 6 ) )
11,2385,msg,@MSG=13
11,2398,T,42,( 148 + ( 24 * 7 ) )
11,2408,msg,@MSG=14
11,2433,T,42,( 148 + ( 24 * 8 ) )
11,2443,msg,@MSG=15
11,2468,T,42,( 148 + ( 24 * 9 ) )
11,2478,msg,@MSG=16
11,2503,T,42,( 148 + ( 24 * 10 ) )
11,2513,msg,@MSG=17
11,2526,T,42,( 148 + ( 24 * 11 ) )
11,2536,msg,@MSG=0
11,2539,WX,42,148,224,288
11,2552,@,2557
11,2557,~,8,48
11,2564,@,2569
11,2569,{,( |138|0| == 1 ),3053
11,2579,{,( |11|0| != 0 ),3030
11,2588,~,8,77
11,2595,WZ_0,0
11,2600,T,42,( 148 + ( 24 * 0 ) )
11,2610,msg,@MSG=18
11,2631,T,42,( 148 + ( 24 * 1 ) )
11,2641,msg,@MSG=8
11,2666,T,42,( 148 + ( 24 * 2 ) )
11,2676,msg,@MSG=19
11,2701,T,42,( 148 + ( 24 * 3 ) )
11,2711,msg,@MSG=20
11,2736,T,42,( 148 + ( 24 * 4 ) )
11,2746,msg,@MSG=21
11,2771,T,42,( 148 + ( 24 * 5 ) )
11,2781,msg,@MSG=22
11,2806,T,42,( 148 + ( 24 * 6 ) )
11,2816,msg,@MSG=23
11,2841,T,42,( 148 + ( 24 * 7 ) )
11,2851,msg,@MSG=24
11,2874,T,42,( 148 + ( 24 * 8 ) )
11,2884,msg,@MSG=25
11,2909,T,42,( 148 + ( 24 * 9 ) )
11,2919,msg,@MSG=26
11,2944,T,42,( 148 + ( 24 * 10 ) )
11,2954,msg,@MSG=27
11,2979,T,42,( 148 + ( 24 * 11 ) )
11,2989,msg,@MSG=28
11,3012,WX,42,148,224,288
11,3025,@,3030
11,3030,J_0,284,0
11,3037,G_0,7
11,3041,~,8,48
11,3048,@,3053
11,3053,{,( |138|0| == 2 ),3526
11,3063,{,( |11|0| != 0 ),3502
11,3072,~,8,77
11,3079,WZ_0,0
11,3084,T,42,( 148 + ( 24 * 0 ) )
11,3094,msg,@MSG=29
11,3115,T,42,( 148 + ( 24 * 1 ) )
11,3125,msg,@MSG=8
11,3150,T,42,( 148 + ( 24 * 2 ) )
11,3160,msg,@MSG=30
11,3185,T,42,( 148 + ( 24 * 3 ) )
11,3195,msg,@MSG=31
11,3220,T,42,( 148 + ( 24 * 4 ) )
11,3230,msg,@MSG=32
11,3255,T,42,( 148 + ( 24 * 5 ) )
11,3265,msg,@MSG=33
11,3290,T,42,( 148 + ( 24 * 6 ) )
11,3300,msg,@MSG=34
11,3325,T,42,( 148 + ( 24 * 7 ) )
11,3335,msg,@MSG=35
11,3354,T,42,( 148 + ( 24 * 8 ) )
11,3364,msg,@MSG=36
11,3389,T,42,( 148 + ( 24 * 9 ) )
11,3399,msg,@MSG=37
11,3424,T,42,( 148 + ( 24 * 10 ) )
11,3434,msg,@MSG=38
11,3459,T,42,( 148 + ( 24 * 11 ) )
11,3469,msg,@MSG=39
11,3484,WX,42,148,224,288
11,3497,@,3502
11,3502,J_0,284,240
11,3510,G_0,8
11,3514,~,8,48
11,3521,@,3526
11,3526,!,|139|0|,|138|0|
11,3532,@,3537
11,3537,~,0,0

# 8,77 = callfunc
8,77,MG_100,1
8,82,MG_0,0
8,87,ZM,|62|0|
8,91,~,0,0

# 5,221 = callfunc
5,221,ZT_10,100,10,0
5,231,ZT_11,100,|0|0|
5,239,{,( |0|0| < |188|0| ),262
5,249,ZT_11,100,|0|0|
5,257,>,239
5,262,~,0,0

# 7,1898 = callfunc
7,1898,{,( |206|0| == 1 ),1918
7,1908,~,0,0
7,1913,@,1918
7,1918,~,7,2033
7,1925,SX_2_1,|11|0|,0,1
7,1935,~,0,0

# 9,100 = callfunc
9,100,{,( |206|0| == 1 ),120
9,110,~,0,0
9,115,@,120
9,120,US,|11|0|,10
9,126,!,|11|0|,( 16383 + ( 16383 + ( 16383 + ( 16383 + 3 ) ) ) )
9,142,~,8,142
9,149,!,|11|0|,|144|0|
9,154,~,8,400
9,161,UG,|11|0|,10
9,167,!,|11|0|,|11|0|
9,171,!,|12|0|,|12|0|
9,175,~,8,495
9,182,~,0,0

# 8,495 = callfunc
8,495,{,( 100 + |-4|0| ),533
8,510,CC,|77|0|,|78|0|,|81|0|,|82|0|,0,0
8,528,@,533
8,533,{,( 99 * |-3|0| ),578
8,549,CE,|77|0|,|78|0|,|81|0|,|82|0|,0,0,|11|0|,|12|0|,0
8,573,@,578
8,578,~,0,0

# 7,2091 = callfunc
7,2091,{,( |206|0| == 1 ),2111
7,2101,~,0,0
7,2106,@,2111
7,2111,{,1,2183
7,2118,ZT_1,0
7,2123,SX_2_2,|15|0|
7,2129,{,( |15|0| == 1 ),2148
7,2138,~,0,0
7,2143,@,2148
7,2148,ZT_20,2
7,2153,ZT_5,|16|0|
7,2158,{,( |16|0| > 7000 ),2178
7,2168,~,0,0
7,2173,@,2178
7,2178,>,2111
7,2183,~,0,0

# 11,1290 = callfunc
11,1290,!,|125|0|,0
11,1295,{,( |138|0| == 1 ),1320
11,1305,!,|125|0|,13
11,1310,!,|126|0|,1
11,1315,@,1320
11,1320,{,( |138|0| == 2 ),1345
11,1330,!,|125|0|,27
11,1335,!,|126|0|,1
11,1340,@,1345
11,1345,{,( |138|0| == 11 ),1370
11,1355,!,|125|0|,38
11,1360,!,|126|0|,1
11,1365,@,1370
11,1370,~,0,|125|0|

# 13,561 = callfunc
13,561,!,|160||158|0||,|115|0|
13,572,!,|161||158|0||,|116|0|
13,583,!,|162||158|0||,|117|0|
13,594,!,|163||158|0||,|118|0|
13,605,!,|164||158|0||,|119|0|
13,616,!,|165||158|0||,|146|0|
13,627,!,|166||158|0||,|150|0|
13,638,!,|167||158|0||,|155|0|
13,649,!,|168||158|0||,|125|0|
13,660,!,|169||158|0||,|126|0|
13,671,~,0,0

# 13,676 = callfunc
13,676,!,|212|0|,0
13,681,!,|206|0|,0
13,686,{,( |115|0| != |160||158|0|| ),747
13,702,!,|120|0|,( 16383 + ( 16383 + ( 16383 + ( 16383 + 3 ) ) ) )
13,719,!,|115|0|,|160||158|0||
13,730,~,8,871
13,737,!,|212|0|,1
13,742,@,747
13,747,{,( |116|0| != |161||158|0|| ),808
13,763,!,|121|0|,( 16383 + ( 16383 + ( 16383 + ( 16383 + 3 ) ) ) )
13,780,!,|116|0|,|161||158|0||
13,791,~,8,717
13,798,!,|212|0|,1
13,803,@,808
13,808,{,( |117|0| != |162||158|0|| ),869
13,824,!,|122|0|,( 16383 + ( 16383 + ( 16383 + ( 16383 + 3 ) ) ) )
13,841,!,|117|0|,|162||158|0||
13,852,~,8,1025
13,859,!,|212|0|,1
13,864,@,869
13,869,{,( |118|0| != |163||158|0|| ),930
13,885,!,|123|0|,( 16383 + ( 16383 + ( 16383 + ( 16383 + 3 ) ) ) )
13,902,!,|118|0|,|163||158|0||
13,913,~,8,1233
13,920,!,|212|0|,1
13,925,@,930
13,930,{,( |119|0| != |164||158|0|| ),991
13,946,!,|124|0|,( 16383 + ( 16383 + ( 16383 + ( 16383 + 3 ) ) ) )
13,963,!,|119|0|,|164||158|0||
13,974,~,8,1415
13,981,!,|212|0|,1
13,986,@,991
13,991,{,( |212|0| == 1 ),1032
13,1001,!,|11|0|,31
13,1005,!,|12|0|,3
13,1009,!,|144|0|,|165||158|0||
13,1020,~,9,100
13,1027,@,1032
13,1032,{,( |155|0| != |167||158|0|| ),1071
13,1048,!,|155|0|,|167||158|0||
13,1059,~,7,1536
13,1066,@,1071
13,1071,!,|150|0|,|166||158|0||
13,1082,!,|125|0|,|168||158|0||
13,1093,!,|126|0|,|169||158|0||
13,1104,~,0,0

# 8,871 = callfunc
8,871,{,( |206|0| == 1 ),891
8,881,~,0,0
8,886,@,891
8,891,{,( |120|0| != |115|0| ),1020
8,902,!,|120|0|,|115|0|
8,908,{,( |115|0| == 0 ),974
8,918,trace,@MSG=40
8,929,!,|85|0|,|81|0|
8,935,!,|86|0|,|82|0|

# 8,1025 = callfunc
8,1025,{,( |206|0| == 1 ),1045
8,1035,~,0,0
8,1040,@,1045
8,1045,{,( |122|0| != |117|0| ),1228
8,1056,!,|122|0|,|117|0|
8,1062,{,( |117|0| == 0 ),1158
8,1072,trace,@MSG=41
8,1085,!,|93|0|,|81|0|
8,1091,!,|94|0|,|82|0|

# 8,1233 = callfunc
8,1233,{,( |206|0| == 1 ),1253
8,1243,~,0,0
8,1248,@,1253
8,1253,{,( |123|0| != |118|0| ),1410
8,1264,!,|123|0|,|118|0|
8,1270,{,( |118|0| == 0 ),1353
8,1280,!,|97|0|,|81|0|
8,1286,!,|98|0|,|82|0|

# 8,1415 = callfunc
8,1415,{,( |206|0| == 1 ),1435
8,1425,~,0,0
8,1430,@,1435
8,1435,{,( |124|0| != |119|0| ),1592
8,1446,!,|124|0|,|119|0|
8,1452,{,( |119|0| == 0 ),1535
8,1462,!,|101|0|,|81|0|
8,1468,!,|102|0|,|82|0|

# 8,105 = callfunc
8,105,!,|64|0|,0
8,110,inc,|63|0|
8,114,~,0,0

# 10,1356 = callfunc
10,1356,QD,26
10,1360,~,0,0

# 8,96 = callfunc
8,96,!,|63|0|,0
8,100,~,0,0

# 9,1244 = callfunc
9,1244,!,|11|0|,0
9,1248,!,|12|0|,0
9,1252,~,8,495
9,1259,~,0,0

# 10,242 = callfunc
10,242,US,|150|0|,1
10,249,!,|150|0|,15
10,254,~,7,820
10,261,CC,0,120,640,240,|75|0|,( ( |76|0| + ( 480 * 2 ) ) + 120 )
10,288,~,10,582
10,295,!,|11|0|,2
10,299,~,10,597
10,306,~,10,396
10,313,~,-1,|136|0|
10,319,{,( |136|0| != 0 ),350
10,329,!,|11|0|,0
10,333,~,7,1813
10,340,LD,|136|0|
10,345,@,350
10,350,CC,|75|0|,( ( |76|0| + ( 480 * 2 ) ) + 120 ),640,240,0,120
10,377,UG,|150|0|,1
10,384,~,7,835
10,391,~,0,0

# 10,582 = callfunc
10,582,!,|136|0|,0
10,587,!,|137|0|,0
10,592,~,0,0

# 10,597 = callfunc
10,597,{,( |11|0| == 1 ),627
10,606,J_0,|75|0|,( |76|0| + 480 )
10,617,G_0,125
10,622,@,627
10,627,{,( |11|0| == 2 ),657
10,636,J_0,|75|0|,( |76|0| + 480 )
10,647,G_0,126
10,652,@,657
10,657,J_0,|75|0|,( ( |76|0| + 480 ) + 240 )
10,671,G_0,127
10,676,~,8,77
10,683,CC,|75|0|,( |76|0| + 480 ),512,240,|75|0|,|76|0|
10,706,US,|133|0|,1
10,713,!,|45|0|,1
10,717,for_0
10,719,for_1,802,5,1,1
10,733,T,( ( |75|0| + 50 ) + 44 ),( ( ( |76|0| + 62 ) + ( ( |45|0| - 1 ) * 30 ) ) + 4 )
10,755,!,|133|0|,0
10,760,LP,|45|0|,|133|0|,1
10,769,!,|11|0|,|133|0|
10,774,~,11,456
10,781,msg,@MSG=66
10,786,!,|11|0|,|45|0|
10,790,~,10,841
10,797,>,719
10,802,UG,|133|0|,1
10,809,CC,|75|0|,|76|0|,512,240,64,120
10,829,~,8,48
10,836,~,0,0

# 11,456 = callfunc
11,456,{,( |11|0| == 0 ),487
11,465,msg,@MSG=42
11,482,@,487
11,487,{,( |11|0| == 1 ),518
11,496,msg,@MSG=43
11,513,@,518
11,518,{,( |11|0| == 2 ),549
11,527,msg,@MSG=44
11,544,@,549
11,549,{,( |11|0| == 3 ),580
11,558,msg,@MSG=45
11,575,@,580
11,580,{,( |11|0| == 4 ),611
11,589,msg,@MSG=46
11,606,@,611
11,611,{,( |11|0| == 5 ),642
11,620,msg,@MSG=47
11,637,@,642
11,642,{,( |11|0| == 6 ),673
11,651,msg,@MSG=48
11,668,@,673
11,673,{,( |11|0| == 7 ),704
11,682,msg,@MSG=49
11,699,@,704
11,704,{,( |11|0| == 8 ),735
11,713,msg,@MSG=50
11,730,@,735
11,735,{,( |11|0| == 9 ),766
11,744,msg,@MSG=51
11,761,@,766
11,766,{,( |11|0| == 10 ),797
11,775,msg,@MSG=52
11,792,@,797
11,797,{,( |11|0| == 11 ),828
11,806,msg,@MSG=53
11,823,@,828
11,828,{,( |11|0| == 12 ),859
11,837,msg,@MSG=54
11,854,@,859
11,859,{,( |11|0| == 13 ),890
11,868,msg,@MSG=55
11,885,@,890
11,890,{,( |11|0| == 14 ),921
11,899,msg,@MSG=56
11,916,@,921
11,921,{,( |11|0| == 15 ),952
11,930,msg,@MSG=57
11,947,@,952
11,952,{,( |11|0| == 16 ),983
11,961,msg,@MSG=58
11,978,@,983
11,983,{,( |11|0| == 17 ),1014
11,992,msg,@MSG=59
11,1009,@,1014
11,1014,{,( |11|0| == 18 ),1045
11,1023,msg,@MSG=60
11,1040,@,1045
11,1045,{,( |11|0| == 19 ),1076
11,1054,msg,@MSG=61
11,1071,@,1076
11,1076,{,( |11|0| == 20 ),1107
11,1085,msg,@MSG=62
11,1102,@,1107
11,1107,{,( |11|0| == 21 ),1138
11,1116,msg,@MSG=63
11,1133,@,1138
11,1138,{,( |11|0| == 22 ),1169
11,1147,msg,@MSG=64
11,1164,@,1169
11,1169,{,( |11|0| == 23 ),1200
11,1178,msg,@MSG=65
11,1195,@,1200
11,1200,~,0,0

# 10,841 = callfunc
10,841,US,|1|0|,10
10,847,LT,|11|0|,|1|0|
10,853,{,( |0|0| == 0 ),917
10,862,HH,4,|1|0|
10,867,msg,@MSG=67
10,871,HH,2,|2|0|
10,876,msg,@MSG=67
10,880,HH,2,|3|0|
10,885,msg,@MSG=68
10,889,HH,2,|4|0|
10,894,msg,@MSG=0

# 10,396 = callfunc
10,396,!,|53|0|,1
10,400,{,( |53|0| == 1 ),504
10,409,IM,|33|0|,|34|0|
10,415,!,|50|0|,|0|0|
10,419,!,|33|0|,|33|0|
10,423,!,|34|0|,|34|0|
10,427,~,10,1244
10,434,~,-1,|136|0|
10,440,!,|136|0|,|136|0|
10,446,~,10,959
10,453,{,( ( |50|0| == 16 ) * ( |136|0| != 0 ) ),476
10,467,!,|53|0|,0
10,471,@,476
10,476,{,( |50|0| == 32 ),499
10,485,!,|53|0|,0
10,489,!,|136|0|,0
10,494,@,499
10,499,>,400
10,504,{,( |136|0| != 0 ),530
10,514,!,|11|0|,2
10,518,~,7,1651
10,525,@,530
10,530,{,( |136|0| == 0 ),556
10,540,!,|11|0|,3
10,544,~,7,1651
10,551,@,556
10,556,!,|136|0|,|136|0|
10,562,~,10,1120
10,569,~,5,32
10,576,~,0,|136|0|

# 10,1244 = callfunc
10,1244,!,|136|0|,0
10,1249,!,|45|0|,1
10,1253,for_0
10,1255,for_1,1350,5,1,1
10,1269,{,( ( ( 120 + 62 ) + ( ( |45|0| - 1 ) * 30 ) ) * |-4|0| ),1345
10,1297,{,( ( ( ( 120 + 62 ) + ( ( |45|0| - 1 ) * 30 ) ) + 27 ) * |-3|0| ),1340
10,1330,!,|136|0|,|45|0|
10,1335,@,1340
10,1340,@,1345
10,1345,>,1255
10,1350,~,0,|136|0|

# 10,959 = callfunc
10,959,{,( ( |136|0| != |137|0| ) * ( |137|0| != 0 ) ),1028
10,975,!,|37|0|,50
10,979,!,|38|0|,( 62 + ( ( |137|0| - 1 ) * 30 ) )
10,991,CC,( |75|0| + |37|0| ),( |76|0| + |38|0| ),408,27,( |37|0| + 64 ),( |38|0| + 120 )
10,1018,!,|137|0|,0
10,1023,@,1028
10,1028,{,( ( |136|0| != |137|0| ) * ( |136|0| != 0 ) ),1115
10,1044,!,|11|0|,1
10,1048,~,7,1651
10,1055,!,|37|0|,50
10,1059,!,|38|0|,( 62 + ( ( |136|0| - 1 ) * 30 ) )
10,1071,CX,0,|75|0|,( ( |76|0| + 480 ) + 240 ),408,27,( |37|0| + 64 ),( |38|0| + 120 ),0
10,1104,!,|137|0|,|136|0|
10,1110,@,1115
10,1115,~,0,0

# 10,1120 = callfunc
10,1120,{,( |136|0| == 0 ),1173
10,1130,!,|37|0|,50
10,1134,!,|38|0|,62
10,1139,CC,( |75|0| + |37|0| ),( |76|0| + |38|0| ),408,( 30 * 5 ),( |37|0| + 64 ),( |38|0| + 120 )
10,1168,@,1173
10,1173,{,( |136|0| != 0 ),1239
10,1183,!,|37|0|,50
10,1187,!,|38|0|,( 62 + ( ( |136|0| - 1 ) * 30 ) )
10,1199,CX,0,|75|0|,( ( ( |76|0| + 480 ) + 240 ) + 27 ),408,27,( |37|0| + 64 ),( |38|0| + 120 ),0
10,1234,@,1239
10,1239,~,0,0

# 7,835 = callfunc
7,835,ZC,1,( 128 + |150|0| )
7,845,~,0,0

